1
2
3
0
2
3
25
27
28
31
36
45
60
68
78
87
95
105
119
139
164
191
248
326
395
489
561
647
719
869
1,005
1,009
1,141
1,425
1,829
2,282
2,789
3,299
3,843
4,246
4,717
5,166
5,863
6,561
7,188
7,790
8,894
9,721
10,436
11,213
11,824
12,734
13,888
14,675
15,456
16,318
17,303
18,168
19,517
20,483
21,412
22,609
23,553
24,650
26,007
27,648
29,549
32,020
33,568
35,918
37,683
39,814
41,459
43,989
45,921
47,458
49,084
51,384
52,854
53,516
55,875
57,890
60,866
63,336
66,080
69,194
73,140
76,809
80,059
82,208
85,832
89,739
85,873
89,729
93,368
97,008
1,01,067
1,06,708
1,11,890
1,16,306
1,20,982
1,26,412
1,29,504
1,33,579
1,38,102
1,42,792
1,46,447
1,50,072
1,53,792
1,52,786
1,54,640
1,60,517
1,63,261
1,68,604
1,70,239
1,75,889
1,78,258
1,82,980
1,86,335
1,90,156
1,97,783
2,03,282
2,10,877
2,15,298
2,20,478
2,27,405
2,28,975
2,36,832
2,45,493
2,53,168
2,59,867
2,65,693
2,71,254
