0
0
0
3
3
3
3
3
3
3
3
3
3
3
3
3
3
3
3
3
3
3
4
4
4
4
6
6
6
8
8
99
141
160
169
191
230
286
329
394
469
565
635
786
972
1,086
1,198
1,365
1,509
1,767
2,040
2,466
2,854
3,273
3,976
4,370
5,012
5,496
5,938
6,523
7,103
7,739
8,429
9,059
10,021
10,852
11,763
12,845
14,140
15,301
16,776
17,887
19,301
20,970
22,549
24,454
26,417
28,011
30,245
34,257
36,795
39,277
42,309
45,422
48,553
51,833
54,409
57,694
60,706
64,291
67,725
70,896
82,631
86,934
91,862
95,744
1,00,275
1,04,064
1,08,454
1,13,224
1,18,657
1,23,848
1,29,019
1,34,653
1,40,928
1,46,972
1,54,235
1,62,326
1,69,684
1,80,323
1,87,549
1,94,439
2,05,180
2,14,209
2,28,183
2,37,258
2,48,137
2,58,599
2,71,688
2,85,671
2,95,917
3,10,146
3,21,777
3,35,274
3,47,839
3,59,903
3,79,902
3,94,319
4,09,065
4,24,894
4,40,209
4,57,045
4,76,554
