1
2
3
3
5
6
28
30
31
34
39
48
63
71
81
91
102
112
126
146
171
198
256
334
403
497
571
657
730
883
1,019
1,139
1,326
1,635
2,059
2,545
3,105
3,684
4,293
4,777
5,350
5,915
6,728
7,599
8,453
9,211
10,454
11,485
12,371
13,432
14,354
15,725
17,305
18,544
20,081
21,373
23,040
24,448
26,283
27,890
29,458
31,360
33,065
34,867
37,263
39,827
42,779
46,435
49,406
53,008
56,352
59,691
62,866
67,177
70,769
74,331
78,057
82,048
85,856
90,650
95,699
1,00,327
1,06,481
1,12,201
1,18,224
1,24,760
1,31,425
1,38,536
1,44,950
1,50,857
1,58,103
1,65,357
1,73,495
1,81,859
1,90,648
1,98,371
2,07,183
2,16,872
2,26,719
2,36,191
2,46,599
2,57,481
2,66,017
2,75,998
2,87,154
2,98,289
3,09,595
3,21,634
3,33,038
3,43,070
3,54,155
3,67,263
3,81,092
3,95,832
4,11,750
4,26,901
4,40,461
4,56,117
4,72,985
4,91,190
5,09,445
5,29,587
5,49,197
5,67,536
5,85,792
6,05,221
6,27,168
6,49,886
6,73,904
6,97,846
7,20,346
7,43,491
7,69,052
